Hopper traj: 3601.449138 (4 traj)
Ant: 4084.719147
Walker2d: 6942.395895
HalfCheetah: 4467.495416
