Hopper traj: 3601.449138 (4 traj)
Ant: 3084.664052
Walker2d: 6942.395895
HalfCheetah: 4467.495416